
0
00
000
01
02
04
05
06
08
09
1
10
100
102
104
105
108
10d10
10d12
10d4
10d6
10d8
10ft
10th
11
110
112
114
119
11d10
11d12
11d8
11th
12
120
120ft
123
125
126
127
12d10
12d12
12d6
12d8
12th
13
133
135
136
138
13d10
13d12
13d6
13d8
13th
14
140
142
144
147
148
14d10
14d6
14d8
14th
15
150
152
153
154
155
157
15d10
15d12
15d20
15d6
15d8
15ft
15th
16
160
161
162
165
168
16d10
16d12
16d20
16d6
16d8
16th
17
172
178
17d10
17d12
17d20
17d8
17th
18
180
184
189
18d10
18d12
18d20
18d6
18d8
18th
19
192
195
199
19d10
19d12
19th
1d10
1d12
1d20
1d3
1d4
1d6
1d8
1st
2
20
200
207
208
20d10
20d12
20d20
20d6
20ft
20th
21
210
212
21d12
21d20
22
225
22d20
22d6
23
230
24
240
243
247
248
24d10
24d20
25
250
252
256
25d20
26
262
265
26d20
26d6
27
27d20
28
28d20
29
297
2d10
2d12
2d4
2d6
2d8
2nd
3
30
300
305
30ft
31
32
320
320ft
33
330
333
33d20
34
341
35
350
355
36
360
367
37
38
385
39
3d10
3d12
3d4
3d6
3d8
3nd
3rd
4
40
400
40ft
41
42
420
43
44
444
45
450
46
47
472
48
480
481
487
49
4d10
4d12
4d4
4d6
4d8
4th
5
50
500
51
52
53
54
540
546
55
56
57
58
59
5a
5d10
5d12
5d4
5d6
5d8
5e
5ft
5th
6
60
600
600ft
60ft
61
62
63
64
65
66
67
676
68
69
6d10
6d6
6d8
6th
7
70
700
71
72
73
74
75
750
76
77
78
79
7d10
7d12
7d6
7d8
7th
8
80
800
81
82
83
84
85
86
87
88
89
8d10
8d12
8d4
8d6
8d8
8th
9
90
900
91
92
93
94
95
96
97
98
99
9d10
9d12
9d4
9d6
9d8
9th
a
ac
am
an
as
at
b
be
by
c
ce
cg
cn
cp
cr
d4
d6
d8
dc
dm
do
ep
ft
gm
go
gp
he
hp
i
if
in
is
it
ki
lb
le
lg
ll
ln
m
ma
md
me
my
n
ne
ng
no
of
on
or
ox
pp
re
s
so
sp
sq
st
t
tm
to
up
us
v
ve
vs
we
x
x2
x4
xp
y
yd
ye